1.00000,3.00000,22.00000,1.00000,0.00000,7.25000,0.00000,1.00000,0.00000,0.00000,1.00000
2.00000,1.00000,38.00000,1.00000,0.00000,71.28330,1.00000,0.00000,1.00000,0.00000,0.00000
3.00000,3.00000,26.00000,0.00000,0.00000,7.92500,1.00000,0.00000,0.00000,0.00000,1.00000
4.00000,1.00000,35.00000,1.00000,0.00000,53.10000,1.00000,0.00000,0.00000,0.00000,1.00000
5.00000,3.00000,35.00000,0.00000,0.00000,8.05000,0.00000,1.00000,0.00000,0.00000,1.00000
6.00000,3.00000,nan,0.00000,0.00000,8.45830,0.00000,1.00000,0.00000,1.00000,0.00000
7.00000,1.00000,54.00000,0.00000,0.00000,51.86250,0.00000,1.00000,0.00000,0.00000,1.00000
8.00000,3.00000,2.00000,3.00000,1.00000,21.07500,0.00000,1.00000,0.00000,0.00000,1.00000
9.00000,3.00000,27.00000,0.00000,2.00000,11.13330,1.00000,0.00000,0.00000,0.00000,1.00000
10.00000,2.00000,14.00000,1.00000,0.00000,30.07080,1.00000,0.00000,1.00000,0.00000,0.00000
12.00000,1.00000,58.00000,0.00000,0.00000,26.55000,1.00000,0.00000,0.00000,0.00000,1.00000
13.00000,3.00000,20.00000,0.00000,0.00000,8.05000,0.00000,1.00000,0.00000,0.00000,1.00000
14.00000,3.00000,39.00000,1.00000,5.00000,31.27500,0.00000,1.00000,0.00000,0.00000,1.00000
16.00000,2.00000,55.00000,0.00000,0.00000,16.00000,1.00000,0.00000,0.00000,0.00000,1.00000
18.00000,2.00000,nan,0.00000,0.00000,13.00000,0.00000,1.00000,0.00000,0.00000,1.00000
19.00000,3.00000,31.00000,1.00000,0.00000,18.00000,1.00000,0.00000,0.00000,0.00000,1.00000
20.00000,3.00000,nan,0.00000,0.00000,7.22500,1.00000,0.00000,1.00000,0.00000,0.00000
21.00000,2.00000,35.00000,0.00000,0.00000,26.00000,0.00000,1.00000,0.00000,0.00000,1.00000
22.00000,2.00000,34.00000,0.00000,0.00000,13.00000,0.00000,1.00000,0.00000,0.00000,1.00000
23.00000,3.00000,15.00000,0.00000,0.00000,8.02920,1.00000,0.00000,0.00000,1.00000,0.00000
24.00000,1.00000,28.00000,0.00000,0.00000,35.50000,0.00000,1.00000,0.00000,0.00000,1.00000
25.00000,3.00000,8.00000,3.00000,1.00000,21.07500,1.00000,0.00000,0.00000,0.00000,1.00000
26.00000,3.00000,38.00000,1.00000,5.00000,31.38750,1.00000,0.00000,0.00000,0.00000,1.00000
28.00000,1.00000,19.00000,3.00000,2.00000,263.00000,0.00000,1.00000,0.00000,0.00000,1.00000
29.00000,3.00000,nan,0.00000,0.00000,7.87920,1.00000,0.00000,0.00000,1.00000,0.00000
30.00000,3.00000,nan,0.00000,0.00000,7.89580,0.00000,1.00000,0.00000,0.00000,1.00000
31.00000,1.00000,40.00000,0.00000,0.00000,27.72080,0.00000,1.00000,1.00000,0.00000,0.00000
32.00000,1.00000,nan,1.00000,0.00000,146.52080,1.00000,0.00000,1.00000,0.00000,0.00000
33.00000,3.00000,nan,0.00000,0.00000,7.75000,1.00000,0.00000,0.00000,1.00000,0.00000
34.00000,2.00000,66.00000,0.00000,0.00000,10.50000,0.00000,1.00000,0.00000,0.00000,1.00000
35.00000,1.00000,28.00000,1.00000,0.00000,82.17080,0.00000,1.00000,1.00000,0.00000,0.00000
36.00000,1.00000,42.00000,1.00000,0.00000,52.00000,0.00000,1.00000,0.00000,0.00000,1.00000
37.00000,3.00000,nan,0.00000,0.00000,7.22920,0.00000,1.00000,1.00000,0.00000,0.00000
38.00000,3.00000,21.00000,0.00000,0.00000,8.05000,0.00000,1.00000,0.00000,0.00000,1.00000
39.00000,3.00000,18.00000,2.00000,0.00000,18.00000,1.00000,0.00000,0.00000,0.00000,1.00000
40.00000,3.00000,14.00000,1.00000,0.00000,11.24170,1.00000,0.00000,1.00000,0.00000,0.00000
41.00000,3.00000,40.00000,1.00000,0.00000,9.47500,1.00000,0.00000,0.00000,0.00000,1.00000
42.00000,2.00000,27.00000,1.00000,0.00000,21.00000,1.00000,0.00000,0.00000,0.00000,1.00000
43.00000,3.00000,nan,0.00000,0.00000,7.89580,0.00000,1.00000,1.00000,0.00000,0.00000
44.00000,2.00000,3.00000,1.00000,2.00000,41.57920,1.00000,0.00000,1.00000,0.00000,0.00000
45.00000,3.00000,19.00000,0.00000,0.00000,7.87920,1.00000,0.00000,0.00000,1.00000,0.00000
46.00000,3.00000,nan,0.00000,0.00000,8.05000,0.00000,1.00000,0.00000,0.00000,1.00000
47.00000,3.00000,nan,1.00000,0.00000,15.50000,0.00000,1.00000,0.00000,1.00000,0.00000
48.00000,3.00000,nan,0.00000,0.00000,7.75000,1.00000,0.00000,0.00000,1.00000,0.00000
49.00000,3.00000,nan,2.00000,0.00000,21.67920,0.00000,1.00000,1.00000,0.00000,0.00000
50.00000,3.00000,18.00000,1.00000,0.00000,17.80000,1.00000,0.00000,0.00000,0.00000,1.00000
52.00000,3.00000,21.00000,0.00000,0.00000,7.80000,0.00000,1.00000,0.00000,0.00000,1.00000
55.00000,1.00000,65.00000,0.00000,1.00000,61.97920,0.00000,1.00000,1.00000,0.00000,0.00000
56.00000,1.00000,nan,0.00000,0.00000,35.50000,0.00000,1.00000,0.00000,0.00000,1.00000
57.00000,2.00000,21.00000,0.00000,0.00000,10.50000,1.00000,0.00000,0.00000,0.00000,1.00000
58.00000,3.00000,28.50000,0.00000,0.00000,7.22920,0.00000,1.00000,1.00000,0.00000,0.00000
59.00000,2.00000,5.00000,1.00000,2.00000,27.75000,1.00000,0.00000,0.00000,0.00000,1.00000
60.00000,3.00000,11.00000,5.00000,2.00000,46.90000,0.00000,1.00000,0.00000,0.00000,1.00000
61.00000,3.00000,22.00000,0.00000,0.00000,7.22920,0.00000,1.00000,1.00000,0.00000,0.00000
63.00000,1.00000,45.00000,1.00000,0.00000,83.47500,0.00000,1.00000,0.00000,0.00000,1.00000
65.00000,1.00000,nan,0.00000,0.00000,27.72080,0.00000,1.00000,1.00000,0.00000,0.00000
66.00000,3.00000,nan,1.00000,1.00000,15.24580,0.00000,1.00000,1.00000,0.00000,0.00000
67.00000,2.00000,29.00000,0.00000,0.00000,10.50000,1.00000,0.00000,0.00000,0.00000,1.00000
68.00000,3.00000,19.00000,0.00000,0.00000,8.15830,0.00000,1.00000,0.00000,0.00000,1.00000
69.00000,3.00000,17.00000,4.00000,2.00000,7.92500,1.00000,0.00000,0.00000,0.00000,1.00000
70.00000,3.00000,26.00000,2.00000,0.00000,8.66250,0.00000,1.00000,0.00000,0.00000,1.00000
71.00000,2.00000,32.00000,0.00000,0.00000,10.50000,0.00000,1.00000,0.00000,0.00000,1.00000
72.00000,3.00000,16.00000,5.00000,2.00000,46.90000,1.00000,0.00000,0.00000,0.00000,1.00000
73.00000,2.00000,21.00000,0.00000,0.00000,73.50000,0.00000,1.00000,0.00000,0.00000,1.00000
75.00000,3.00000,32.00000,0.00000,0.00000,56.49580,0.00000,1.00000,0.00000,0.00000,1.00000
76.00000,3.00000,25.00000,0.00000,0.00000,7.65000,0.00000,1.00000,0.00000,0.00000,1.00000
78.00000,3.00000,nan,0.00000,0.00000,8.05000,0.00000,1.00000,0.00000,0.00000,1.00000
79.00000,2.00000,0.83000,0.00000,2.00000,29.00000,0.00000,1.00000,0.00000,0.00000,1.00000
87.00000,3.00000,16.00000,1.00000,3.00000,34.37500,0.00000,1.00000,0.00000,0.00000,1.00000
88.00000,3.00000,nan,0.00000,0.00000,8.05000,0.00000,1.00000,0.00000,0.00000,1.00000
91.00000,3.00000,29.00000,0.00000,0.00000,8.05000,0.00000,1.00000,0.00000,0.00000,1.00000
92.00000,3.00000,20.00000,0.00000,0.00000,7.85420,0.00000,1.00000,0.00000,0.00000,1.00000
94.00000,3.00000,26.00000,1.00000,2.00000,20.57500,0.00000,1.00000,0.00000,0.00000,1.00000
95.00000,3.00000,59.00000,0.00000,0.00000,7.25000,0.00000,1.00000,0.00000,0.00000,1.00000
96.00000,3.00000,nan,0.00000,0.00000,8.05000,0.00000,1.00000,0.00000,0.00000,1.00000
97.00000,1.00000,71.00000,0.00000,0.00000,34.65420,0.00000,1.00000,1.00000,0.00000,0.00000
98.00000,1.00000,23.00000,0.00000,1.00000,63.35830,0.00000,1.00000,1.00000,0.00000,0.00000
99.00000,2.00000,34.00000,0.00000,1.00000,23.00000,1.00000,0.00000,0.00000,0.00000,1.00000
101.00000,3.00000,28.00000,0.00000,0.00000,7.89580,1.00000,0.00000,0.00000,0.00000,1.00000
102.00000,3.00000,nan,0.00000,0.00000,7.89580,0.00000,1.00000,0.00000,0.00000,1.00000
103.00000,1.00000,21.00000,0.00000,1.00000,77.28750,0.00000,1.00000,0.00000,0.00000,1.00000
104.00000,3.00000,33.00000,0.00000,0.00000,8.65420,0.00000,1.00000,0.00000,0.00000,1.00000
106.00000,3.00000,28.00000,0.00000,0.00000,7.89580,0.00000,1.00000,0.00000,0.00000,1.00000
107.00000,3.00000,21.00000,0.00000,0.00000,7.65000,1.00000,0.00000,0.00000,0.00000,1.00000
108.00000,3.00000,nan,0.00000,0.00000,7.77500,0.00000,1.00000,0.00000,0.00000,1.00000
109.00000,3.00000,38.00000,0.00000,0.00000,7.89580,0.00000,1.00000,0.00000,0.00000,1.00000
112.00000,3.00000,14.50000,1.00000,0.00000,14.45420,1.00000,0.00000,1.00000,0.00000,0.00000
113.00000,3.00000,22.00000,0.00000,0.00000,8.05000,0.00000,1.00000,0.00000,0.00000,1.00000
114.00000,3.00000,20.00000,1.00000,0.00000,9.82500,1.00000,0.00000,0.00000,0.00000,1.00000
115.00000,3.00000,17.00000,0.00000,0.00000,14.45830,1.00000,0.00000,1.00000,0.00000,0.00000
117.00000,3.00000,70.50000,0.00000,0.00000,7.75000,0.00000,1.00000,0.00000,1.00000,0.00000
118.00000,2.00000,29.00000,1.00000,0.00000,21.00000,0.00000,1.00000,0.00000,0.00000,1.00000
120.00000,3.00000,2.00000,4.00000,2.00000,31.27500,1.00000,0.00000,0.00000,0.00000,1.00000
121.00000,2.00000,21.00000,2.00000,0.00000,73.50000,0.00000,1.00000,0.00000,0.00000,1.00000
122.00000,3.00000,nan,0.00000,0.00000,8.05000,0.00000,1.00000,0.00000,0.00000,1.00000
123.00000,2.00000,32.50000,1.00000,0.00000,30.07080,0.00000,1.00000,1.00000,0.00000,0.00000
124.00000,2.00000,32.50000,0.00000,0.00000,13.00000,1.00000,0.00000,0.00000,0.00000,1.00000
126.00000,3.00000,12.00000,1.00000,0.00000,11.24170,0.00000,1.00000,1.00000,0.00000,0.00000
127.00000,3.00000,nan,0.00000,0.00000,7.75000,0.00000,1.00000,0.00000,1.00000,0.00000
128.00000,3.00000,24.00000,0.00000,0.00000,7.14170,0.00000,1.00000,0.00000,0.00000,1.00000
129.00000,3.00000,nan,1.00000,1.00000,22.35830,1.00000,0.00000,1.00000,0.00000,0.00000
130.00000,3.00000,45.00000,0.00000,0.00000,6.97500,0.00000,1.00000,0.00000,0.00000,1.00000
131.00000,3.00000,33.00000,0.00000,0.00000,7.89580,0.00000,1.00000,1.00000,0.00000,0.00000
132.00000,3.00000,20.00000,0.00000,0.00000,7.05000,0.00000,1.00000,0.00000,0.00000,1.00000
133.00000,3.00000,47.00000,1.00000,0.00000,14.50000,1.00000,0.00000,0.00000,0.00000,1.00000
134.00000,2.00000,29.00000,1.00000,0.00000,26.00000,1.00000,0.00000,0.00000,0.00000,1.00000
135.00000,2.00000,25.00000,0.00000,0.00000,13.00000,0.00000,1.00000,0.00000,0.00000,1.00000
136.00000,2.00000,23.00000,0.00000,0.00000,15.04580,0.00000,1.00000,1.00000,0.00000,0.00000
138.00000,1.00000,37.00000,1.00000,0.00000,53.10000,0.00000,1.00000,0.00000,0.00000,1.00000
139.00000,3.00000,16.00000,0.00000,0.00000,9.21670,0.00000,1.00000,0.00000,0.00000,1.00000
140.00000,1.00000,24.00000,0.00000,0.00000,79.20000,0.00000,1.00000,1.00000,0.00000,0.00000
141.00000,3.00000,nan,0.00000,2.00000,15.24580,1.00000,0.00000,1.00000,0.00000,0.00000
142.00000,3.00000,22.00000,0.00000,0.00000,7.75000,1.00000,0.00000,0.00000,0.00000,1.00000
143.00000,3.00000,24.00000,1.00000,0.00000,15.85000,1.00000,0.00000,0.00000,0.00000,1.00000
144.00000,3.00000,19.00000,0.00000,0.00000,6.75000,0.00000,1.00000,0.00000,1.00000,0.00000
145.00000,2.00000,18.00000,0.00000,0.00000,11.50000,0.00000,1.00000,0.00000,0.00000,1.00000
146.00000,2.00000,19.00000,1.00000,1.00000,36.75000,0.00000,1.00000,0.00000,0.00000,1.00000
147.00000,3.00000,27.00000,0.00000,0.00000,7.79580,0.00000,1.00000,0.00000,0.00000,1.00000
148.00000,3.00000,9.00000,2.00000,2.00000,34.37500,1.00000,0.00000,0.00000,0.00000,1.00000
149.00000,2.00000,36.50000,0.00000,2.00000,26.00000,0.00000,1.00000,0.00000,0.00000,1.00000
151.00000,2.00000,51.00000,0.00000,0.00000,12.52500,0.00000,1.00000,0.00000,0.00000,1.00000
152.00000,1.00000,22.00000,1.00000,0.00000,66.60000,1.00000,0.00000,0.00000,0.00000,1.00000
153.00000,3.00000,55.50000,0.00000,0.00000,8.05000,0.00000,1.00000,0.00000,0.00000,1.00000
154.00000,3.00000,40.50000,0.00000,2.00000,14.50000,0.00000,1.00000,0.00000,0.00000,1.00000
155.00000,3.00000,nan,0.00000,0.00000,7.31250,0.00000,1.00000,0.00000,0.00000,1.00000
158.00000,3.00000,30.00000,0.00000,0.00000,8.05000,0.00000,1.00000,0.00000,0.00000,1.00000
159.00000,3.00000,nan,0.00000,0.00000,8.66250,0.00000,1.00000,0.00000,0.00000,1.00000
160.00000,3.00000,nan,8.00000,2.00000,69.55000,0.00000,1.00000,0.00000,0.00000,1.00000
161.00000,3.00000,44.00000,0.00000,1.00000,16.10000,0.00000,1.00000,0.00000,0.00000,1.00000
162.00000,2.00000,40.00000,0.00000,0.00000,15.75000,1.00000,0.00000,0.00000,0.00000,1.00000
163.00000,3.00000,26.00000,0.00000,0.00000,7.77500,0.00000,1.00000,0.00000,0.00000,1.00000
164.00000,3.00000,17.00000,0.00000,0.00000,8.66250,0.00000,1.00000,0.00000,0.00000,1.00000
165.00000,3.00000,1.00000,4.00000,1.00000,39.68750,0.00000,1.00000,0.00000,0.00000,1.00000
166.00000,3.00000,9.00000,0.00000,2.00000,20.52500,0.00000,1.00000,0.00000,0.00000,1.00000
167.00000,1.00000,nan,0.00000,1.00000,55.00000,1.00000,0.00000,0.00000,0.00000,1.00000
168.00000,3.00000,45.00000,1.00000,4.00000,27.90000,1.00000,0.00000,0.00000,0.00000,1.00000
169.00000,1.00000,nan,0.00000,0.00000,25.92500,0.00000,1.00000,0.00000,0.00000,1.00000
171.00000,1.00000,61.00000,0.00000,0.00000,33.50000,0.00000,1.00000,0.00000,0.00000,1.00000
172.00000,3.00000,4.00000,4.00000,1.00000,29.12500,0.00000,1.00000,0.00000,1.00000,0.00000
173.00000,3.00000,1.00000,1.00000,1.00000,11.13330,1.00000,0.00000,0.00000,0.00000,1.00000
177.00000,3.00000,nan,3.00000,1.00000,25.46670,0.00000,1.00000,0.00000,0.00000,1.00000
178.00000,1.00000,50.00000,0.00000,0.00000,28.71250,1.00000,0.00000,1.00000,0.00000,0.00000
180.00000,3.00000,36.00000,0.00000,0.00000,0.00000,0.00000,1.00000,0.00000,0.00000,1.00000
182.00000,2.00000,nan,0.00000,0.00000,15.05000,0.00000,1.00000,1.00000,0.00000,0.00000
183.00000,3.00000,9.00000,4.00000,2.00000,31.38750,0.00000,1.00000,0.00000,0.00000,1.00000
184.00000,2.00000,1.00000,2.00000,1.00000,39.00000,0.00000,1.00000,0.00000,0.00000,1.00000
185.00000,3.00000,4.00000,0.00000,2.00000,22.02500,1.00000,0.00000,0.00000,0.00000,1.00000
186.00000,1.00000,nan,0.00000,0.00000,50.00000,0.00000,1.00000,0.00000,0.00000,1.00000
187.00000,3.00000,nan,1.00000,0.00000,15.50000,1.00000,0.00000,0.00000,1.00000,0.00000
188.00000,1.00000,45.00000,0.00000,0.00000,26.55000,0.00000,1.00000,0.00000,0.00000,1.00000
190.00000,3.00000,36.00000,0.00000,0.00000,7.89580,0.00000,1.00000,0.00000,0.00000,1.00000
191.00000,2.00000,32.00000,0.00000,0.00000,13.00000,1.00000,0.00000,0.00000,0.00000,1.00000
192.00000,2.00000,19.00000,0.00000,0.00000,13.00000,0.00000,1.00000,0.00000,0.00000,1.00000
193.00000,3.00000,19.00000,1.00000,0.00000,7.85420,1.00000,0.00000,0.00000,0.00000,1.00000
194.00000,2.00000,3.00000,1.00000,1.00000,26.00000,0.00000,1.00000,0.00000,0.00000,1.00000
195.00000,1.00000,44.00000,0.00000,0.00000,27.72080,1.00000,0.00000,1.00000,0.00000,0.00000
196.00000,1.00000,58.00000,0.00000,0.00000,146.52080,1.00000,0.00000,1.00000,0.00000,0.00000
197.00000,3.00000,nan,0.00000,0.00000,7.75000,0.00000,1.00000,0.00000,1.00000,0.00000
198.00000,3.00000,42.00000,0.00000,1.00000,8.40420,0.00000,1.00000,0.00000,0.00000,1.00000
199.00000,3.00000,nan,0.00000,0.00000,7.75000,1.00000,0.00000,0.00000,1.00000,0.00000
200.00000,2.00000,24.00000,0.00000,0.00000,13.00000,1.00000,0.00000,0.00000,0.00000,1.00000
201.00000,3.00000,28.00000,0.00000,0.00000,9.50000,0.00000,1.00000,0.00000,0.00000,1.00000
202.00000,3.00000,nan,8.00000,2.00000,69.55000,0.00000,1.00000,0.00000,0.00000,1.00000
203.00000,3.00000,34.00000,0.00000,0.00000,6.49580,0.00000,1.00000,0.00000,0.00000,1.00000
204.00000,3.00000,45.50000,0.00000,0.00000,7.22500,0.00000,1.00000,1.00000,0.00000,0.00000
205.00000,3.00000,18.00000,0.00000,0.00000,8.05000,0.00000,1.00000,0.00000,0.00000,1.00000
207.00000,3.00000,32.00000,1.00000,0.00000,15.85000,0.00000,1.00000,0.00000,0.00000,1.00000
208.00000,3.00000,26.00000,0.00000,0.00000,18.78750,0.00000,1.00000,1.00000,0.00000,0.00000
209.00000,3.00000,16.00000,0.00000,0.00000,7.75000,1.00000,0.00000,0.00000,1.00000,0.00000
210.00000,1.00000,40.00000,0.00000,0.00000,31.00000,0.00000,1.00000,1.00000,0.00000,0.00000
211.00000,3.00000,24.00000,0.00000,0.00000,7.05000,0.00000,1.00000,0.00000,0.00000,1.00000
213.00000,3.00000,22.00000,0.00000,0.00000,7.25000,0.00000,1.00000,0.00000,0.00000,1.00000
214.00000,2.00000,30.00000,0.00000,0.00000,13.00000,0.00000,1.00000,0.00000,0.00000,1.00000
215.00000,3.00000,nan,1.00000,0.00000,7.75000,0.00000,1.00000,0.00000,1.00000,0.00000
216.00000,1.00000,31.00000,1.00000,0.00000,113.27500,1.00000,0.00000,1.00000,0.00000,0.00000
217.00000,3.00000,27.00000,0.00000,0.00000,7.92500,1.00000,0.00000,0.00000,0.00000,1.00000
218.00000,2.00000,42.00000,1.00000,0.00000,27.00000,0.00000,1.00000,0.00000,0.00000,1.00000
219.00000,1.00000,32.00000,0.00000,0.00000,76.29170,1.00000,0.00000,1.00000,0.00000,0.00000
220.00000,2.00000,30.00000,0.00000,0.00000,10.50000,0.00000,1.00000,0.00000,0.00000,1.00000
221.00000,3.00000,16.00000,0.00000,0.00000,8.05000,0.00000,1.00000,0.00000,0.00000,1.00000
223.00000,3.00000,51.00000,0.00000,0.00000,8.05000,0.00000,1.00000,0.00000,0.00000,1.00000
224.00000,3.00000,nan,0.00000,0.00000,7.89580,0.00000,1.00000,0.00000,0.00000,1.00000
225.00000,1.00000,38.00000,1.00000,0.00000,90.00000,0.00000,1.00000,0.00000,0.00000,1.00000
226.00000,3.00000,22.00000,0.00000,0.00000,9.35000,0.00000,1.00000,0.00000,0.00000,1.00000
227.00000,2.00000,19.00000,0.00000,0.00000,10.50000,0.00000,1.00000,0.00000,0.00000,1.00000
228.00000,3.00000,20.50000,0.00000,0.00000,7.25000,0.00000,1.00000,0.00000,0.00000,1.00000
229.00000,2.00000,18.00000,0.00000,0.00000,13.00000,0.00000,1.00000,0.00000,0.00000,1.00000
230.00000,3.00000,nan,3.00000,1.00000,25.46670,1.00000,0.00000,0.00000,0.00000,1.00000
232.00000,3.00000,29.00000,0.00000,0.00000,7.77500,0.00000,1.00000,0.00000,0.00000,1.00000
233.00000,2.00000,59.00000,0.00000,0.00000,13.50000,0.00000,1.00000,0.00000,0.00000,1.00000
234.00000,3.00000,5.00000,4.00000,2.00000,31.38750,1.00000,0.00000,0.00000,0.00000,1.00000
235.00000,2.00000,24.00000,0.00000,0.00000,10.50000,0.00000,1.00000,0.00000,0.00000,1.00000
236.00000,3.00000,nan,0.00000,0.00000,7.55000,1.00000,0.00000,0.00000,0.00000,1.00000
237.00000,2.00000,44.00000,1.00000,0.00000,26.00000,0.00000,1.00000,0.00000,0.00000,1.00000
238.00000,2.00000,8.00000,0.00000,2.00000,26.25000,1.00000,0.00000,0.00000,0.00000,1.00000
239.00000,2.00000,19.00000,0.00000,0.00000,10.50000,0.00000,1.00000,0.00000,0.00000,1.00000
241.00000,3.00000,nan,1.00000,0.00000,14.45420,1.00000,0.00000,1.00000,0.00000,0.00000
242.00000,3.00000,nan,1.00000,0.00000,15.50000,1.00000,0.00000,0.00000,1.00000,0.00000
244.00000,3.00000,22.00000,0.00000,0.00000,7.12500,0.00000,1.00000,0.00000,0.00000,1.00000
245.00000,3.00000,30.00000,0.00000,0.00000,7.22500,0.00000,1.00000,1.00000,0.00000,0.00000
246.00000,1.00000,44.00000,2.00000,0.00000,90.00000,0.00000,1.00000,0.00000,1.00000,0.00000
247.00000,3.00000,25.00000,0.00000,0.00000,7.77500,1.00000,0.00000,0.00000,0.00000,1.00000
248.00000,2.00000,24.00000,0.00000,2.00000,14.50000,1.00000,0.00000,0.00000,0.00000,1.00000
249.00000,1.00000,37.00000,1.00000,1.00000,52.55420,0.00000,1.00000,0.00000,0.00000,1.00000
250.00000,2.00000,54.00000,1.00000,0.00000,26.00000,0.00000,1.00000,0.00000,0.00000,1.00000
251.00000,3.00000,nan,0.00000,0.00000,7.25000,0.00000,1.00000,0.00000,0.00000,1.00000
252.00000,3.00000,29.00000,1.00000,1.00000,10.46250,1.00000,0.00000,0.00000,0.00000,1.00000
253.00000,1.00000,62.00000,0.00000,0.00000,26.55000,0.00000,1.00000,0.00000,0.00000,1.00000
254.00000,3.00000,30.00000,1.00000,0.00000,16.10000,0.00000,1.00000,0.00000,0.00000,1.00000
255.00000,3.00000,41.00000,0.00000,2.00000,20.21250,1.00000,0.00000,0.00000,0.00000,1.00000
256.00000,3.00000,29.00000,0.00000,2.00000,15.24580,1.00000,0.00000,1.00000,0.00000,0.00000
257.00000,1.00000,nan,0.00000,0.00000,79.20000,1.00000,0.00000,1.00000,0.00000,0.00000
258.00000,1.00000,30.00000,0.00000,0.00000,86.50000,1.00000,0.00000,0.00000,0.00000,1.00000
259.00000,1.00000,35.00000,0.00000,0.00000,512.32920,1.00000,0.00000,1.00000,0.00000,0.00000
260.00000,2.00000,50.00000,0.00000,1.00000,26.00000,1.00000,0.00000,0.00000,0.00000,1.00000
261.00000,3.00000,nan,0.00000,0.00000,7.75000,0.00000,1.00000,0.00000,1.00000,0.00000
262.00000,3.00000,3.00000,4.00000,2.00000,31.38750,0.00000,1.00000,0.00000,0.00000,1.00000
263.00000,1.00000,52.00000,1.00000,1.00000,79.65000,0.00000,1.00000,0.00000,0.00000,1.00000
264.00000,1.00000,40.00000,0.00000,0.00000,0.00000,0.00000,1.00000,0.00000,0.00000,1.00000
265.00000,3.00000,nan,0.00000,0.00000,7.75000,1.00000,0.00000,0.00000,1.00000,0.00000
267.00000,3.00000,16.00000,4.00000,1.00000,39.68750,0.00000,1.00000,0.00000,0.00000,1.00000
268.00000,3.00000,25.00000,1.00000,0.00000,7.77500,0.00000,1.00000,0.00000,0.00000,1.00000
270.00000,1.00000,35.00000,0.00000,0.00000,135.63330,1.00000,0.00000,0.00000,0.00000,1.00000
271.00000,1.00000,nan,0.00000,0.00000,31.00000,0.00000,1.00000,0.00000,0.00000,1.00000
272.00000,3.00000,25.00000,0.00000,0.00000,0.00000,0.00000,1.00000,0.00000,0.00000,1.00000
274.00000,1.00000,37.00000,0.00000,1.00000,29.70000,0.00000,1.00000,1.00000,0.00000,0.00000
275.00000,3.00000,nan,0.00000,0.00000,7.75000,1.00000,0.00000,0.00000,1.00000,0.00000
277.00000,3.00000,45.00000,0.00000,0.00000,7.75000,1.00000,0.00000,0.00000,0.00000,1.00000
281.00000,3.00000,65.00000,0.00000,0.00000,7.75000,0.00000,1.00000,0.00000,1.00000,0.00000
282.00000,3.00000,28.00000,0.00000,0.00000,7.85420,0.00000,1.00000,0.00000,0.00000,1.00000
283.00000,3.00000,16.00000,0.00000,0.00000,9.50000,0.00000,1.00000,0.00000,0.00000,1.00000
284.00000,3.00000,19.00000,0.00000,0.00000,8.05000,0.00000,1.00000,0.00000,0.00000,1.00000
285.00000,1.00000,nan,0.00000,0.00000,26.00000,0.00000,1.00000,0.00000,0.00000,1.00000
286.00000,3.00000,33.00000,0.00000,0.00000,8.66250,0.00000,1.00000,1.00000,0.00000,0.00000
287.00000,3.00000,30.00000,0.00000,0.00000,9.50000,0.00000,1.00000,0.00000,0.00000,1.00000
288.00000,3.00000,22.00000,0.00000,0.00000,7.89580,0.00000,1.00000,0.00000,0.00000,1.00000
289.00000,2.00000,42.00000,0.00000,0.00000,13.00000,0.00000,1.00000,0.00000,0.00000,1.00000
290.00000,3.00000,22.00000,0.00000,0.00000,7.75000,1.00000,0.00000,0.00000,1.00000,0.00000
291.00000,1.00000,26.00000,0.00000,0.00000,78.85000,1.00000,0.00000,0.00000,0.00000,1.00000
292.00000,1.00000,19.00000,1.00000,0.00000,91.07920,1.00000,0.00000,1.00000,0.00000,0.00000
293.00000,2.00000,36.00000,0.00000,0.00000,12.87500,0.00000,1.00000,1.00000,0.00000,0.00000
294.00000,3.00000,24.00000,0.00000,0.00000,8.85000,1.00000,0.00000,0.00000,0.00000,1.00000
295.00000,3.00000,24.00000,0.00000,0.00000,7.89580,0.00000,1.00000,0.00000,0.00000,1.00000
296.00000,1.00000,nan,0.00000,0.00000,27.72080,0.00000,1.00000,1.00000,0.00000,0.00000
299.00000,1.00000,nan,0.00000,0.00000,30.50000,0.00000,1.00000,0.00000,0.00000,1.00000
300.00000,1.00000,50.00000,0.00000,1.00000,247.52080,1.00000,0.00000,1.00000,0.00000,0.00000
302.00000,3.00000,nan,2.00000,0.00000,23.25000,0.00000,1.00000,0.00000,1.00000,0.00000
304.00000,2.00000,nan,0.00000,0.00000,12.35000,1.00000,0.00000,0.00000,1.00000,0.00000
305.00000,3.00000,nan,0.00000,0.00000,8.05000,0.00000,1.00000,0.00000,0.00000,1.00000
306.00000,1.00000,0.92000,1.00000,2.00000,151.55000,0.00000,1.00000,0.00000,0.00000,1.00000
307.00000,1.00000,nan,0.00000,0.00000,110.88330,1.00000,0.00000,1.00000,0.00000,0.00000
309.00000,2.00000,30.00000,1.00000,0.00000,24.00000,0.00000,1.00000,1.00000,0.00000,0.00000
310.00000,1.00000,30.00000,0.00000,0.00000,56.92920,1.00000,0.00000,1.00000,0.00000,0.00000
312.00000,1.00000,18.00000,2.00000,2.00000,262.37500,1.00000,0.00000,1.00000,0.00000,0.00000
313.00000,2.00000,26.00000,1.00000,1.00000,26.00000,1.00000,0.00000,0.00000,0.00000,1.00000
314.00000,3.00000,28.00000,0.00000,0.00000,7.89580,0.00000,1.00000,0.00000,0.00000,1.00000
315.00000,2.00000,43.00000,1.00000,1.00000,26.25000,0.00000,1.00000,0.00000,0.00000,1.00000
316.00000,3.00000,26.00000,0.00000,0.00000,7.85420,1.00000,0.00000,0.00000,0.00000,1.00000
318.00000,2.00000,54.00000,0.00000,0.00000,14.00000,0.00000,1.00000,0.00000,0.00000,1.00000
319.00000,1.00000,31.00000,0.00000,2.00000,164.86670,1.00000,0.00000,0.00000,0.00000,1.00000
321.00000,3.00000,22.00000,0.00000,0.00000,7.25000,0.00000,1.00000,0.00000,0.00000,1.00000
322.00000,3.00000,27.00000,0.00000,0.00000,7.89580,0.00000,1.00000,0.00000,0.00000,1.00000
323.00000,2.00000,30.00000,0.00000,0.00000,12.35000,1.00000,0.00000,0.00000,1.00000,0.00000
324.00000,2.00000,22.00000,1.00000,1.00000,29.00000,1.00000,0.00000,0.00000,0.00000,1.00000
325.00000,3.00000,nan,8.00000,2.00000,69.55000,0.00000,1.00000,0.00000,0.00000,1.00000
327.00000,3.00000,61.00000,0.00000,0.00000,6.23750,0.00000,1.00000,0.00000,0.00000,1.00000
328.00000,2.00000,36.00000,0.00000,0.00000,13.00000,1.00000,0.00000,0.00000,0.00000,1.00000
329.00000,3.00000,31.00000,1.00000,1.00000,20.52500,1.00000,0.00000,0.00000,0.00000,1.00000
330.00000,1.00000,16.00000,0.00000,1.00000,57.97920,1.00000,0.00000,1.00000,0.00000,0.00000
332.00000,1.00000,45.50000,0.00000,0.00000,28.50000,0.00000,1.00000,0.00000,0.00000,1.00000
334.00000,3.00000,16.00000,2.00000,0.00000,18.00000,0.00000,1.00000,0.00000,0.00000,1.00000
335.00000,1.00000,nan,1.00000,0.00000,133.65000,1.00000,0.00000,0.00000,0.00000,1.00000
337.00000,1.00000,29.00000,1.00000,0.00000,66.60000,0.00000,1.00000,0.00000,0.00000,1.00000
338.00000,1.00000,41.00000,0.00000,0.00000,134.50000,1.00000,0.00000,1.00000,0.00000,0.00000
339.00000,3.00000,45.00000,0.00000,0.00000,8.05000,0.00000,1.00000,0.00000,0.00000,1.00000
340.00000,1.00000,45.00000,0.00000,0.00000,35.50000,0.00000,1.00000,0.00000,0.00000,1.00000
341.00000,2.00000,2.00000,1.00000,1.00000,26.00000,0.00000,1.00000,0.00000,0.00000,1.00000
343.00000,2.00000,28.00000,0.00000,0.00000,13.00000,0.00000,1.00000,0.00000,0.00000,1.00000
345.00000,2.00000,36.00000,0.00000,0.00000,13.00000,0.00000,1.00000,0.00000,0.00000,1.00000
346.00000,2.00000,24.00000,0.00000,0.00000,13.00000,1.00000,0.00000,0.00000,0.00000,1.00000
347.00000,2.00000,40.00000,0.00000,0.00000,13.00000,1.00000,0.00000,0.00000,0.00000,1.00000
349.00000,3.00000,3.00000,1.00000,1.00000,15.90000,0.00000,1.00000,0.00000,0.00000,1.00000
350.00000,3.00000,42.00000,0.00000,0.00000,8.66250,0.00000,1.00000,0.00000,0.00000,1.00000
351.00000,3.00000,23.00000,0.00000,0.00000,9.22500,0.00000,1.00000,0.00000,0.00000,1.00000
352.00000,1.00000,nan,0.00000,0.00000,35.00000,0.00000,1.00000,0.00000,0.00000,1.00000
353.00000,3.00000,15.00000,1.00000,1.00000,7.22920,0.00000,1.00000,1.00000,0.00000,0.00000
354.00000,3.00000,25.00000,1.00000,0.00000,17.80000,0.00000,1.00000,0.00000,0.00000,1.00000
355.00000,3.00000,nan,0.00000,0.00000,7.22500,0.00000,1.00000,1.00000,0.00000,0.00000
356.00000,3.00000,28.00000,0.00000,0.00000,9.50000,0.00000,1.00000,0.00000,0.00000,1.00000
357.00000,1.00000,22.00000,0.00000,1.00000,55.00000,1.00000,0.00000,0.00000,0.00000,1.00000
359.00000,3.00000,nan,0.00000,0.00000,7.87920,1.00000,0.00000,0.00000,1.00000,0.00000
360.00000,3.00000,nan,0.00000,0.00000,7.87920,1.00000,0.00000,0.00000,1.00000,0.00000
362.00000,2.00000,29.00000,1.00000,0.00000,27.72080,0.00000,1.00000,1.00000,0.00000,0.00000
363.00000,3.00000,45.00000,0.00000,1.00000,14.45420,1.00000,0.00000,1.00000,0.00000,0.00000
364.00000,3.00000,35.00000,0.00000,0.00000,7.05000,0.00000,1.00000,0.00000,0.00000,1.00000
366.00000,3.00000,30.00000,0.00000,0.00000,7.25000,0.00000,1.00000,0.00000,0.00000,1.00000
367.00000,1.00000,60.00000,1.00000,0.00000,75.25000,1.00000,0.00000,1.00000,0.00000,0.00000
368.00000,3.00000,nan,0.00000,0.00000,7.22920,1.00000,0.00000,1.00000,0.00000,0.00000
369.00000,3.00000,nan,0.00000,0.00000,7.75000,1.00000,0.00000,0.00000,1.00000,0.00000
370.00000,1.00000,24.00000,0.00000,0.00000,69.30000,1.00000,0.00000,1.00000,0.00000,0.00000
372.00000,3.00000,18.00000,1.00000,0.00000,6.49580,0.00000,1.00000,0.00000,0.00000,1.00000
373.00000,3.00000,19.00000,0.00000,0.00000,8.05000,0.00000,1.00000,0.00000,0.00000,1.00000
375.00000,3.00000,3.00000,3.00000,1.00000,21.07500,1.00000,0.00000,0.00000,0.00000,1.00000
376.00000,1.00000,nan,1.00000,0.00000,82.17080,1.00000,0.00000,1.00000,0.00000,0.00000
377.00000,3.00000,22.00000,0.00000,0.00000,7.25000,1.00000,0.00000,0.00000,0.00000,1.00000
382.00000,3.00000,1.00000,0.00000,2.00000,15.74170,1.00000,0.00000,1.00000,0.00000,0.00000
383.00000,3.00000,32.00000,0.00000,0.00000,7.92500,0.00000,1.00000,0.00000,0.00000,1.00000
384.00000,1.00000,35.00000,1.00000,0.00000,52.00000,1.00000,0.00000,0.00000,0.00000,1.00000
385.00000,3.00000,nan,0.00000,0.00000,7.89580,0.00000,1.00000,0.00000,0.00000,1.00000
386.00000,2.00000,18.00000,0.00000,0.00000,73.50000,0.00000,1.00000,0.00000,0.00000,1.00000
387.00000,3.00000,1.00000,5.00000,2.00000,46.90000,0.00000,1.00000,0.00000,0.00000,1.00000
391.00000,1.00000,36.00000,1.00000,2.00000,120.00000,0.00000,1.00000,0.00000,0.00000,1.00000
393.00000,3.00000,28.00000,2.00000,0.00000,7.92500,0.00000,1.00000,0.00000,0.00000,1.00000
394.00000,1.00000,23.00000,1.00000,0.00000,113.27500,1.00000,0.00000,1.00000,0.00000,0.00000
395.00000,3.00000,24.00000,0.00000,2.00000,16.70000,1.00000,0.00000,0.00000,0.00000,1.00000
397.00000,3.00000,31.00000,0.00000,0.00000,7.85420,1.00000,0.00000,0.00000,0.00000,1.00000
399.00000,2.00000,23.00000,0.00000,0.00000,10.50000,0.00000,1.00000,0.00000,0.00000,1.00000
400.00000,2.00000,28.00000,0.00000,0.00000,12.65000,1.00000,0.00000,0.00000,0.00000,1.00000
401.00000,3.00000,39.00000,0.00000,0.00000,7.92500,0.00000,1.00000,0.00000,0.00000,1.00000
402.00000,3.00000,26.00000,0.00000,0.00000,8.05000,0.00000,1.00000,0.00000,0.00000,1.00000
403.00000,3.00000,21.00000,1.00000,0.00000,9.82500,1.00000,0.00000,0.00000,0.00000,1.00000
404.00000,3.00000,28.00000,1.00000,0.00000,15.85000,0.00000,1.00000,0.00000,0.00000,1.00000
405.00000,3.00000,20.00000,0.00000,0.00000,8.66250,1.00000,0.00000,0.00000,0.00000,1.00000
406.00000,2.00000,34.00000,1.00000,0.00000,21.00000,0.00000,1.00000,0.00000,0.00000,1.00000
408.00000,2.00000,3.00000,1.00000,1.00000,18.75000,0.00000,1.00000,0.00000,0.00000,1.00000
409.00000,3.00000,21.00000,0.00000,0.00000,7.77500,0.00000,1.00000,0.00000,0.00000,1.00000
410.00000,3.00000,nan,3.00000,1.00000,25.46670,1.00000,0.00000,0.00000,0.00000,1.00000
411.00000,3.00000,nan,0.00000,0.00000,7.89580,0.00000,1.00000,0.00000,0.00000,1.00000
414.00000,2.00000,nan,0.00000,0.00000,0.00000,0.00000,1.00000,0.00000,0.00000,1.00000
416.00000,3.00000,nan,0.00000,0.00000,8.05000,1.00000,0.00000,0.00000,0.00000,1.00000
417.00000,2.00000,34.00000,1.00000,1.00000,32.50000,1.00000,0.00000,0.00000,0.00000,1.00000
419.00000,2.00000,30.00000,0.00000,0.00000,13.00000,0.00000,1.00000,0.00000,0.00000,1.00000
420.00000,3.00000,10.00000,0.00000,2.00000,24.15000,1.00000,0.00000,0.00000,0.00000,1.00000
421.00000,3.00000,nan,0.00000,0.00000,7.89580,0.00000,1.00000,1.00000,0.00000,0.00000
422.00000,3.00000,21.00000,0.00000,0.00000,7.73330,0.00000,1.00000,0.00000,1.00000,0.00000
423.00000,3.00000,29.00000,0.00000,0.00000,7.87500,0.00000,1.00000,0.00000,0.00000,1.00000
424.00000,3.00000,28.00000,1.00000,1.00000,14.40000,1.00000,0.00000,0.00000,0.00000,1.00000
426.00000,3.00000,nan,0.00000,0.00000,7.25000,0.00000,1.00000,0.00000,0.00000,1.00000
427.00000,2.00000,28.00000,1.00000,0.00000,26.00000,1.00000,0.00000,0.00000,0.00000,1.00000
428.00000,2.00000,19.00000,0.00000,0.00000,26.00000,1.00000,0.00000,0.00000,0.00000,1.00000
429.00000,3.00000,nan,0.00000,0.00000,7.75000,0.00000,1.00000,0.00000,1.00000,0.00000
430.00000,3.00000,32.00000,0.00000,0.00000,8.05000,0.00000,1.00000,0.00000,0.00000,1.00000
433.00000,2.00000,42.00000,1.00000,0.00000,26.00000,1.00000,0.00000,0.00000,0.00000,1.00000
435.00000,1.00000,50.00000,1.00000,0.00000,55.90000,0.00000,1.00000,0.00000,0.00000,1.00000
436.00000,1.00000,14.00000,1.00000,2.00000,120.00000,1.00000,0.00000,0.00000,0.00000,1.00000
437.00000,3.00000,21.00000,2.00000,2.00000,34.37500,1.00000,0.00000,0.00000,0.00000,1.00000
438.00000,2.00000,24.00000,2.00000,3.00000,18.75000,1.00000,0.00000,0.00000,0.00000,1.00000
439.00000,1.00000,64.00000,1.00000,4.00000,263.00000,0.00000,1.00000,0.00000,0.00000,1.00000
440.00000,2.00000,31.00000,0.00000,0.00000,10.50000,0.00000,1.00000,0.00000,0.00000,1.00000
441.00000,2.00000,45.00000,1.00000,1.00000,26.25000,1.00000,0.00000,0.00000,0.00000,1.00000
442.00000,3.00000,20.00000,0.00000,0.00000,9.50000,0.00000,1.00000,0.00000,0.00000,1.00000
443.00000,3.00000,25.00000,1.00000,0.00000,7.77500,0.00000,1.00000,0.00000,0.00000,1.00000
444.00000,2.00000,28.00000,0.00000,0.00000,13.00000,1.00000,0.00000,0.00000,0.00000,1.00000
445.00000,3.00000,nan,0.00000,0.00000,8.11250,0.00000,1.00000,0.00000,0.00000,1.00000
446.00000,1.00000,4.00000,0.00000,2.00000,81.85830,0.00000,1.00000,0.00000,0.00000,1.00000
448.00000,1.00000,34.00000,0.00000,0.00000,26.55000,0.00000,1.00000,0.00000,0.00000,1.00000
449.00000,3.00000,5.00000,2.00000,1.00000,19.25830,1.00000,0.00000,1.00000,0.00000,0.00000
451.00000,2.00000,36.00000,1.00000,2.00000,27.75000,0.00000,1.00000,0.00000,0.00000,1.00000
453.00000,1.00000,30.00000,0.00000,0.00000,27.75000,0.00000,1.00000,1.00000,0.00000,0.00000
454.00000,1.00000,49.00000,1.00000,0.00000,89.10420,0.00000,1.00000,1.00000,0.00000,0.00000
455.00000,3.00000,nan,0.00000,0.00000,8.05000,0.00000,1.00000,0.00000,0.00000,1.00000
456.00000,3.00000,29.00000,0.00000,0.00000,7.89580,0.00000,1.00000,1.00000,0.00000,0.00000
458.00000,1.00000,nan,1.00000,0.00000,51.86250,1.00000,0.00000,0.00000,0.00000,1.00000
459.00000,2.00000,50.00000,0.00000,0.00000,10.50000,1.00000,0.00000,0.00000,0.00000,1.00000
460.00000,3.00000,nan,0.00000,0.00000,7.75000,0.00000,1.00000,0.00000,1.00000,0.00000
461.00000,1.00000,48.00000,0.00000,0.00000,26.55000,0.00000,1.00000,0.00000,0.00000,1.00000
462.00000,3.00000,34.00000,0.00000,0.00000,8.05000,0.00000,1.00000,0.00000,0.00000,1.00000
463.00000,1.00000,47.00000,0.00000,0.00000,38.50000,0.00000,1.00000,0.00000,0.00000,1.00000
464.00000,2.00000,48.00000,0.00000,0.00000,13.00000,0.00000,1.00000,0.00000,0.00000,1.00000
465.00000,3.00000,nan,0.00000,0.00000,8.05000,0.00000,1.00000,0.00000,0.00000,1.00000
466.00000,3.00000,38.00000,0.00000,0.00000,7.05000,0.00000,1.00000,0.00000,0.00000,1.00000
467.00000,2.00000,nan,0.00000,0.00000,0.00000,0.00000,1.00000,0.00000,0.00000,1.00000
468.00000,1.00000,56.00000,0.00000,0.00000,26.55000,0.00000,1.00000,0.00000,0.00000,1.00000
469.00000,3.00000,nan,0.00000,0.00000,7.72500,0.00000,1.00000,0.00000,1.00000,0.00000
470.00000,3.00000,0.75000,2.00000,1.00000,19.25830,1.00000,0.00000,1.00000,0.00000,0.00000
471.00000,3.00000,nan,0.00000,0.00000,7.25000,0.00000,1.00000,0.00000,0.00000,1.00000
472.00000,3.00000,38.00000,0.00000,0.00000,8.66250,0.00000,1.00000,0.00000,0.00000,1.00000
474.00000,2.00000,23.00000,0.00000,0.00000,13.79170,1.00000,0.00000,1.00000,0.00000,0.00000
475.00000,3.00000,22.00000,0.00000,0.00000,9.83750,1.00000,0.00000,0.00000,0.00000,1.00000
476.00000,1.00000,nan,0.00000,0.00000,52.00000,0.00000,1.00000,0.00000,0.00000,1.00000
477.00000,2.00000,34.00000,1.00000,0.00000,21.00000,0.00000,1.00000,0.00000,0.00000,1.00000
478.00000,3.00000,29.00000,1.00000,0.00000,7.04580,0.00000,1.00000,0.00000,0.00000,1.00000
481.00000,3.00000,9.00000,5.00000,2.00000,46.90000,0.00000,1.00000,0.00000,0.00000,1.00000
483.00000,3.00000,50.00000,0.00000,0.00000,8.05000,0.00000,1.00000,0.00000,0.00000,1.00000
484.00000,3.00000,63.00000,0.00000,0.00000,9.58750,1.00000,0.00000,0.00000,0.00000,1.00000
485.00000,1.00000,25.00000,1.00000,0.00000,91.07920,0.00000,1.00000,1.00000,0.00000,0.00000
486.00000,3.00000,nan,3.00000,1.00000,25.46670,1.00000,0.00000,0.00000,0.00000,1.00000
487.00000,1.00000,35.00000,1.00000,0.00000,90.00000,1.00000,0.00000,0.00000,0.00000,1.00000
488.00000,1.00000,58.00000,0.00000,0.00000,29.70000,0.00000,1.00000,1.00000,0.00000,0.00000
489.00000,3.00000,30.00000,0.00000,0.00000,8.05000,0.00000,1.00000,0.00000,0.00000,1.00000
492.00000,3.00000,21.00000,0.00000,0.00000,7.25000,0.00000,1.00000,0.00000,0.00000,1.00000
493.00000,1.00000,55.00000,0.00000,0.00000,30.50000,0.00000,1.00000,0.00000,0.00000,1.00000
496.00000,3.00000,nan,0.00000,0.00000,14.45830,0.00000,1.00000,1.00000,0.00000,0.00000
497.00000,1.00000,54.00000,1.00000,0.00000,78.26670,1.00000,0.00000,1.00000,0.00000,0.00000
499.00000,1.00000,25.00000,1.00000,2.00000,151.55000,1.00000,0.00000,0.00000,0.00000,1.00000
500.00000,3.00000,24.00000,0.00000,0.00000,7.79580,0.00000,1.00000,0.00000,0.00000,1.00000
501.00000,3.00000,17.00000,0.00000,0.00000,8.66250,0.00000,1.00000,0.00000,0.00000,1.00000
502.00000,3.00000,21.00000,0.00000,0.00000,7.75000,1.00000,0.00000,0.00000,1.00000,0.00000
503.00000,3.00000,nan,0.00000,0.00000,7.62920,1.00000,0.00000,0.00000,1.00000,0.00000
504.00000,3.00000,37.00000,0.00000,0.00000,9.58750,1.00000,0.00000,0.00000,0.00000,1.00000
505.00000,1.00000,16.00000,0.00000,0.00000,86.50000,1.00000,0.00000,0.00000,0.00000,1.00000
506.00000,1.00000,18.00000,1.00000,0.00000,108.90000,0.00000,1.00000,1.00000,0.00000,0.00000
507.00000,2.00000,33.00000,0.00000,2.00000,26.00000,1.00000,0.00000,0.00000,0.00000,1.00000
508.00000,1.00000,nan,0.00000,0.00000,26.55000,0.00000,1.00000,0.00000,0.00000,1.00000
510.00000,3.00000,26.00000,0.00000,0.00000,56.49580,0.00000,1.00000,0.00000,0.00000,1.00000
511.00000,3.00000,29.00000,0.00000,0.00000,7.75000,0.00000,1.00000,0.00000,1.00000,0.00000
512.00000,3.00000,nan,0.00000,0.00000,8.05000,0.00000,1.00000,0.00000,0.00000,1.00000
513.00000,1.00000,36.00000,0.00000,0.00000,26.28750,0.00000,1.00000,0.00000,0.00000,1.00000
514.00000,1.00000,54.00000,1.00000,0.00000,59.40000,1.00000,0.00000,1.00000,0.00000,0.00000
515.00000,3.00000,24.00000,0.00000,0.00000,7.49580,0.00000,1.00000,0.00000,0.00000,1.00000
516.00000,1.00000,47.00000,0.00000,0.00000,34.02080,0.00000,1.00000,0.00000,0.00000,1.00000
517.00000,2.00000,34.00000,0.00000,0.00000,10.50000,1.00000,0.00000,0.00000,0.00000,1.00000
518.00000,3.00000,nan,0.00000,0.00000,24.15000,0.00000,1.00000,0.00000,1.00000,0.00000
519.00000,2.00000,36.00000,1.00000,0.00000,26.00000,1.00000,0.00000,0.00000,0.00000,1.00000
520.00000,3.00000,32.00000,0.00000,0.00000,7.89580,0.00000,1.00000,0.00000,0.00000,1.00000
521.00000,1.00000,30.00000,0.00000,0.00000,93.50000,1.00000,0.00000,0.00000,0.00000,1.00000
522.00000,3.00000,22.00000,0.00000,0.00000,7.89580,0.00000,1.00000,0.00000,0.00000,1.00000
523.00000,3.00000,nan,0.00000,0.00000,7.22500,0.00000,1.00000,1.00000,0.00000,0.00000
524.00000,1.00000,44.00000,0.00000,1.00000,57.97920,1.00000,0.00000,1.00000,0.00000,0.00000
526.00000,3.00000,40.50000,0.00000,0.00000,7.75000,0.00000,1.00000,0.00000,1.00000,0.00000
527.00000,2.00000,50.00000,0.00000,0.00000,10.50000,1.00000,0.00000,0.00000,0.00000,1.00000
528.00000,1.00000,nan,0.00000,0.00000,221.77920,0.00000,1.00000,0.00000,0.00000,1.00000
529.00000,3.00000,39.00000,0.00000,0.00000,7.92500,0.00000,1.00000,0.00000,0.00000,1.00000
530.00000,2.00000,23.00000,2.00000,1.00000,11.50000,0.00000,1.00000,0.00000,0.00000,1.00000
531.00000,2.00000,2.00000,1.00000,1.00000,26.00000,1.00000,0.00000,0.00000,0.00000,1.00000
532.00000,3.00000,nan,0.00000,0.00000,7.22920,0.00000,1.00000,1.00000,0.00000,0.00000
533.00000,3.00000,17.00000,1.00000,1.00000,7.22920,0.00000,1.00000,1.00000,0.00000,0.00000
534.00000,3.00000,nan,0.00000,2.00000,22.35830,1.00000,0.00000,1.00000,0.00000,0.00000
535.00000,3.00000,30.00000,0.00000,0.00000,8.66250,1.00000,0.00000,0.00000,0.00000,1.00000
537.00000,1.00000,45.00000,0.00000,0.00000,26.55000,0.00000,1.00000,0.00000,0.00000,1.00000
538.00000,1.00000,30.00000,0.00000,0.00000,106.42500,1.00000,0.00000,1.00000,0.00000,0.00000
539.00000,3.00000,nan,0.00000,0.00000,14.50000,0.00000,1.00000,0.00000,0.00000,1.00000
540.00000,1.00000,22.00000,0.00000,2.00000,49.50000,1.00000,0.00000,1.00000,0.00000,0.00000
541.00000,1.00000,36.00000,0.00000,2.00000,71.00000,1.00000,0.00000,0.00000,0.00000,1.00000
542.00000,3.00000,9.00000,4.00000,2.00000,31.27500,1.00000,0.00000,0.00000,0.00000,1.00000
546.00000,1.00000,64.00000,0.00000,0.00000,26.00000,0.00000,1.00000,0.00000,0.00000,1.00000
547.00000,2.00000,19.00000,1.00000,0.00000,26.00000,1.00000,0.00000,0.00000,0.00000,1.00000
548.00000,2.00000,nan,0.00000,0.00000,13.86250,0.00000,1.00000,1.00000,0.00000,0.00000
549.00000,3.00000,33.00000,1.00000,1.00000,20.52500,0.00000,1.00000,0.00000,0.00000,1.00000
550.00000,2.00000,8.00000,1.00000,1.00000,36.75000,0.00000,1.00000,0.00000,0.00000,1.00000
551.00000,1.00000,17.00000,0.00000,2.00000,110.88330,0.00000,1.00000,1.00000,0.00000,0.00000
552.00000,2.00000,27.00000,0.00000,0.00000,26.00000,0.00000,1.00000,0.00000,0.00000,1.00000
553.00000,3.00000,nan,0.00000,0.00000,7.82920,0.00000,1.00000,0.00000,1.00000,0.00000
554.00000,3.00000,22.00000,0.00000,0.00000,7.22500,0.00000,1.00000,1.00000,0.00000,0.00000
559.00000,1.00000,39.00000,1.00000,1.00000,79.65000,1.00000,0.00000,0.00000,0.00000,1.00000
560.00000,3.00000,36.00000,1.00000,0.00000,17.40000,1.00000,0.00000,0.00000,0.00000,1.00000
561.00000,3.00000,nan,0.00000,0.00000,7.75000,0.00000,1.00000,0.00000,1.00000,0.00000
562.00000,3.00000,40.00000,0.00000,0.00000,7.89580,0.00000,1.00000,0.00000,0.00000,1.00000
563.00000,2.00000,28.00000,0.00000,0.00000,13.50000,0.00000,1.00000,0.00000,0.00000,1.00000
564.00000,3.00000,nan,0.00000,0.00000,8.05000,0.00000,1.00000,0.00000,0.00000,1.00000
565.00000,3.00000,nan,0.00000,0.00000,8.05000,1.00000,0.00000,0.00000,0.00000,1.00000
566.00000,3.00000,24.00000,2.00000,0.00000,24.15000,0.00000,1.00000,0.00000,0.00000,1.00000
567.00000,3.00000,19.00000,0.00000,0.00000,7.89580,0.00000,1.00000,0.00000,0.00000,1.00000
568.00000,3.00000,29.00000,0.00000,4.00000,21.07500,1.00000,0.00000,0.00000,0.00000,1.00000
569.00000,3.00000,nan,0.00000,0.00000,7.22920,0.00000,1.00000,1.00000,0.00000,0.00000
570.00000,3.00000,32.00000,0.00000,0.00000,7.85420,0.00000,1.00000,0.00000,0.00000,1.00000
571.00000,2.00000,62.00000,0.00000,0.00000,10.50000,0.00000,1.00000,0.00000,0.00000,1.00000
572.00000,1.00000,53.00000,2.00000,0.00000,51.47920,1.00000,0.00000,0.00000,0.00000,1.00000
573.00000,1.00000,36.00000,0.00000,0.00000,26.38750,0.00000,1.00000,0.00000,0.00000,1.00000
574.00000,3.00000,nan,0.00000,0.00000,7.75000,1.00000,0.00000,0.00000,1.00000,0.00000
575.00000,3.00000,16.00000,0.00000,0.00000,8.05000,0.00000,1.00000,0.00000,0.00000,1.00000
576.00000,3.00000,19.00000,0.00000,0.00000,14.50000,0.00000,1.00000,0.00000,0.00000,1.00000
577.00000,2.00000,34.00000,0.00000,0.00000,13.00000,1.00000,0.00000,0.00000,0.00000,1.00000
579.00000,3.00000,nan,1.00000,0.00000,14.45830,1.00000,0.00000,1.00000,0.00000,0.00000
581.00000,2.00000,25.00000,1.00000,1.00000,30.00000,1.00000,0.00000,0.00000,0.00000,1.00000
582.00000,1.00000,39.00000,1.00000,1.00000,110.88330,1.00000,0.00000,1.00000,0.00000,0.00000
583.00000,2.00000,54.00000,0.00000,0.00000,26.00000,0.00000,1.00000,0.00000,0.00000,1.00000
585.00000,3.00000,nan,0.00000,0.00000,8.71250,0.00000,1.00000,1.00000,0.00000,0.00000
586.00000,1.00000,18.00000,0.00000,2.00000,79.65000,1.00000,0.00000,0.00000,0.00000,1.00000
587.00000,2.00000,47.00000,0.00000,0.00000,15.00000,0.00000,1.00000,0.00000,0.00000,1.00000
588.00000,1.00000,60.00000,1.00000,1.00000,79.20000,0.00000,1.00000,1.00000,0.00000,0.00000
590.00000,3.00000,nan,0.00000,0.00000,8.05000,0.00000,1.00000,0.00000,0.00000,1.00000
591.00000,3.00000,35.00000,0.00000,0.00000,7.12500,0.00000,1.00000,0.00000,0.00000,1.00000
592.00000,1.00000,52.00000,1.00000,0.00000,78.26670,1.00000,0.00000,1.00000,0.00000,0.00000
594.00000,3.00000,nan,0.00000,2.00000,7.75000,1.00000,0.00000,0.00000,1.00000,0.00000
596.00000,3.00000,36.00000,1.00000,1.00000,24.15000,0.00000,1.00000,0.00000,0.00000,1.00000
597.00000,2.00000,nan,0.00000,0.00000,33.00000,1.00000,0.00000,0.00000,0.00000,1.00000
598.00000,3.00000,49.00000,0.00000,0.00000,0.00000,0.00000,1.00000,0.00000,0.00000,1.00000
600.00000,1.00000,49.00000,1.00000,0.00000,56.92920,0.00000,1.00000,1.00000,0.00000,0.00000
601.00000,2.00000,24.00000,2.00000,1.00000,27.00000,1.00000,0.00000,0.00000,0.00000,1.00000
602.00000,3.00000,nan,0.00000,0.00000,7.89580,0.00000,1.00000,0.00000,0.00000,1.00000
603.00000,1.00000,nan,0.00000,0.00000,42.40000,0.00000,1.00000,0.00000,0.00000,1.00000
604.00000,3.00000,44.00000,0.00000,0.00000,8.05000,0.00000,1.00000,0.00000,0.00000,1.00000
605.00000,1.00000,35.00000,0.00000,0.00000,26.55000,0.00000,1.00000,1.00000,0.00000,0.00000
606.00000,3.00000,36.00000,1.00000,0.00000,15.55000,0.00000,1.00000,0.00000,0.00000,1.00000
607.00000,3.00000,30.00000,0.00000,0.00000,7.89580,0.00000,1.00000,0.00000,0.00000,1.00000
609.00000,2.00000,22.00000,1.00000,2.00000,41.57920,1.00000,0.00000,1.00000,0.00000,0.00000
611.00000,3.00000,39.00000,1.00000,5.00000,31.27500,1.00000,0.00000,0.00000,0.00000,1.00000
614.00000,3.00000,nan,0.00000,0.00000,7.75000,0.00000,1.00000,0.00000,1.00000,0.00000
615.00000,3.00000,35.00000,0.00000,0.00000,8.05000,0.00000,1.00000,0.00000,0.00000,1.00000
616.00000,2.00000,24.00000,1.00000,2.00000,65.00000,1.00000,0.00000,0.00000,0.00000,1.00000
618.00000,3.00000,26.00000,1.00000,0.00000,16.10000,1.00000,0.00000,0.00000,0.00000,1.00000
619.00000,2.00000,4.00000,2.00000,1.00000,39.00000,1.00000,0.00000,0.00000,0.00000,1.00000
620.00000,2.00000,26.00000,0.00000,0.00000,10.50000,0.00000,1.00000,0.00000,0.00000,1.00000
621.00000,3.00000,27.00000,1.00000,0.00000,14.45420,0.00000,1.00000,1.00000,0.00000,0.00000
622.00000,1.00000,42.00000,1.00000,0.00000,52.55420,0.00000,1.00000,0.00000,0.00000,1.00000
623.00000,3.00000,20.00000,1.00000,1.00000,15.74170,0.00000,1.00000,1.00000,0.00000,0.00000
624.00000,3.00000,21.00000,0.00000,0.00000,7.85420,0.00000,1.00000,0.00000,0.00000,1.00000
625.00000,3.00000,21.00000,0.00000,0.00000,16.10000,0.00000,1.00000,0.00000,0.00000,1.00000
626.00000,1.00000,61.00000,0.00000,0.00000,32.32080,0.00000,1.00000,0.00000,0.00000,1.00000
627.00000,2.00000,57.00000,0.00000,0.00000,12.35000,0.00000,1.00000,0.00000,1.00000,0.00000
628.00000,1.00000,21.00000,0.00000,0.00000,77.95830,1.00000,0.00000,0.00000,0.00000,1.00000
629.00000,3.00000,26.00000,0.00000,0.00000,7.89580,0.00000,1.00000,0.00000,0.00000,1.00000
630.00000,3.00000,nan,0.00000,0.00000,7.73330,0.00000,1.00000,0.00000,1.00000,0.00000
631.00000,1.00000,80.00000,0.00000,0.00000,30.00000,0.00000,1.00000,0.00000,0.00000,1.00000
632.00000,3.00000,51.00000,0.00000,0.00000,7.05420,0.00000,1.00000,0.00000,0.00000,1.00000
633.00000,1.00000,32.00000,0.00000,0.00000,30.50000,0.00000,1.00000,1.00000,0.00000,0.00000
634.00000,1.00000,nan,0.00000,0.00000,0.00000,0.00000,1.00000,0.00000,0.00000,1.00000
636.00000,2.00000,28.00000,0.00000,0.00000,13.00000,1.00000,0.00000,0.00000,0.00000,1.00000
637.00000,3.00000,32.00000,0.00000,0.00000,7.92500,0.00000,1.00000,0.00000,0.00000,1.00000
638.00000,2.00000,31.00000,1.00000,1.00000,26.25000,0.00000,1.00000,0.00000,0.00000,1.00000
640.00000,3.00000,nan,1.00000,0.00000,16.10000,0.00000,1.00000,0.00000,0.00000,1.00000
641.00000,3.00000,20.00000,0.00000,0.00000,7.85420,0.00000,1.00000,0.00000,0.00000,1.00000
642.00000,1.00000,24.00000,0.00000,0.00000,69.30000,1.00000,0.00000,1.00000,0.00000,0.00000
643.00000,3.00000,2.00000,3.00000,2.00000,27.90000,1.00000,0.00000,0.00000,0.00000,1.00000
644.00000,3.00000,nan,0.00000,0.00000,56.49580,0.00000,1.00000,0.00000,0.00000,1.00000
645.00000,3.00000,0.75000,2.00000,1.00000,19.25830,1.00000,0.00000,1.00000,0.00000,0.00000
647.00000,3.00000,19.00000,0.00000,0.00000,7.89580,0.00000,1.00000,0.00000,0.00000,1.00000
648.00000,1.00000,56.00000,0.00000,0.00000,35.50000,0.00000,1.00000,1.00000,0.00000,0.00000
649.00000,3.00000,nan,0.00000,0.00000,7.55000,0.00000,1.00000,0.00000,0.00000,1.00000
650.00000,3.00000,23.00000,0.00000,0.00000,7.55000,1.00000,0.00000,0.00000,0.00000,1.00000
651.00000,3.00000,nan,0.00000,0.00000,7.89580,0.00000,1.00000,0.00000,0.00000,1.00000
653.00000,3.00000,21.00000,0.00000,0.00000,8.43330,0.00000,1.00000,0.00000,0.00000,1.00000
654.00000,3.00000,nan,0.00000,0.00000,7.82920,1.00000,0.00000,0.00000,1.00000,0.00000
655.00000,3.00000,18.00000,0.00000,0.00000,6.75000,1.00000,0.00000,0.00000,1.00000,0.00000
656.00000,2.00000,24.00000,2.00000,0.00000,73.50000,0.00000,1.00000,0.00000,0.00000,1.00000
657.00000,3.00000,nan,0.00000,0.00000,7.89580,0.00000,1.00000,0.00000,0.00000,1.00000
659.00000,2.00000,23.00000,0.00000,0.00000,13.00000,0.00000,1.00000,0.00000,0.00000,1.00000
660.00000,1.00000,58.00000,0.00000,2.00000,113.27500,0.00000,1.00000,1.00000,0.00000,0.00000
661.00000,1.00000,50.00000,2.00000,0.00000,133.65000,0.00000,1.00000,0.00000,0.00000,1.00000
662.00000,3.00000,40.00000,0.00000,0.00000,7.22500,0.00000,1.00000,1.00000,0.00000,0.00000
663.00000,1.00000,47.00000,0.00000,0.00000,25.58750,0.00000,1.00000,0.00000,0.00000,1.00000
664.00000,3.00000,36.00000,0.00000,0.00000,7.49580,0.00000,1.00000,0.00000,0.00000,1.00000
665.00000,3.00000,20.00000,1.00000,0.00000,7.92500,0.00000,1.00000,0.00000,0.00000,1.00000
666.00000,2.00000,32.00000,2.00000,0.00000,73.50000,0.00000,1.00000,0.00000,0.00000,1.00000
668.00000,3.00000,nan,0.00000,0.00000,7.77500,0.00000,1.00000,0.00000,0.00000,1.00000
669.00000,3.00000,43.00000,0.00000,0.00000,8.05000,0.00000,1.00000,0.00000,0.00000,1.00000
670.00000,1.00000,nan,1.00000,0.00000,52.00000,1.00000,0.00000,0.00000,0.00000,1.00000
671.00000,2.00000,40.00000,1.00000,1.00000,39.00000,1.00000,0.00000,0.00000,0.00000,1.00000
672.00000,1.00000,31.00000,1.00000,0.00000,52.00000,0.00000,1.00000,0.00000,0.00000,1.00000
673.00000,2.00000,70.00000,0.00000,0.00000,10.50000,0.00000,1.00000,0.00000,0.00000,1.00000
674.00000,2.00000,31.00000,0.00000,0.00000,13.00000,0.00000,1.00000,0.00000,0.00000,1.00000
675.00000,2.00000,nan,0.00000,0.00000,0.00000,0.00000,1.00000,0.00000,0.00000,1.00000
678.00000,3.00000,18.00000,0.00000,0.00000,9.84170,1.00000,0.00000,0.00000,0.00000,1.00000
679.00000,3.00000,43.00000,1.00000,6.00000,46.90000,1.00000,0.00000,0.00000,0.00000,1.00000
680.00000,1.00000,36.00000,0.00000,1.00000,512.32920,0.00000,1.00000,1.00000,0.00000,0.00000
681.00000,3.00000,nan,0.00000,0.00000,8.13750,1.00000,0.00000,0.00000,1.00000,0.00000
682.00000,1.00000,27.00000,0.00000,0.00000,76.72920,0.00000,1.00000,1.00000,0.00000,0.00000
684.00000,3.00000,14.00000,5.00000,2.00000,46.90000,0.00000,1.00000,0.00000,0.00000,1.00000
685.00000,2.00000,60.00000,1.00000,1.00000,39.00000,0.00000,1.00000,0.00000,0.00000,1.00000
686.00000,2.00000,25.00000,1.00000,2.00000,41.57920,0.00000,1.00000,1.00000,0.00000,0.00000
688.00000,3.00000,19.00000,0.00000,0.00000,10.17080,0.00000,1.00000,0.00000,0.00000,1.00000
689.00000,3.00000,18.00000,0.00000,0.00000,7.79580,0.00000,1.00000,0.00000,0.00000,1.00000
690.00000,1.00000,15.00000,0.00000,1.00000,211.33750,1.00000,0.00000,0.00000,0.00000,1.00000
691.00000,1.00000,31.00000,1.00000,0.00000,57.00000,0.00000,1.00000,0.00000,0.00000,1.00000
692.00000,3.00000,4.00000,0.00000,1.00000,13.41670,1.00000,0.00000,1.00000,0.00000,0.00000
693.00000,3.00000,nan,0.00000,0.00000,56.49580,0.00000,1.00000,0.00000,0.00000,1.00000
694.00000,3.00000,25.00000,0.00000,0.00000,7.22500,0.00000,1.00000,1.00000,0.00000,0.00000
696.00000,2.00000,52.00000,0.00000,0.00000,13.50000,0.00000,1.00000,0.00000,0.00000,1.00000
698.00000,3.00000,nan,0.00000,0.00000,7.73330,1.00000,0.00000,0.00000,1.00000,0.00000
700.00000,3.00000,42.00000,0.00000,0.00000,7.65000,0.00000,1.00000,0.00000,0.00000,1.00000
701.00000,1.00000,18.00000,1.00000,0.00000,227.52500,1.00000,0.00000,1.00000,0.00000,0.00000
702.00000,1.00000,35.00000,0.00000,0.00000,26.28750,0.00000,1.00000,0.00000,0.00000,1.00000
703.00000,3.00000,18.00000,0.00000,1.00000,14.45420,1.00000,0.00000,1.00000,0.00000,0.00000
704.00000,3.00000,25.00000,0.00000,0.00000,7.74170,0.00000,1.00000,0.00000,1.00000,0.00000
706.00000,2.00000,39.00000,0.00000,0.00000,26.00000,0.00000,1.00000,0.00000,0.00000,1.00000
707.00000,2.00000,45.00000,0.00000,0.00000,13.50000,1.00000,0.00000,0.00000,0.00000,1.00000
708.00000,1.00000,42.00000,0.00000,0.00000,26.28750,0.00000,1.00000,0.00000,0.00000,1.00000
710.00000,3.00000,nan,1.00000,1.00000,15.24580,0.00000,1.00000,1.00000,0.00000,0.00000
711.00000,1.00000,24.00000,0.00000,0.00000,49.50420,1.00000,0.00000,1.00000,0.00000,0.00000
712.00000,1.00000,nan,0.00000,0.00000,26.55000,0.00000,1.00000,0.00000,0.00000,1.00000
713.00000,1.00000,48.00000,1.00000,0.00000,52.00000,0.00000,1.00000,0.00000,0.00000,1.00000
714.00000,3.00000,29.00000,0.00000,0.00000,9.48330,0.00000,1.00000,0.00000,0.00000,1.00000
716.00000,3.00000,19.00000,0.00000,0.00000,7.65000,0.00000,1.00000,0.00000,0.00000,1.00000
717.00000,1.00000,38.00000,0.00000,0.00000,227.52500,1.00000,0.00000,1.00000,0.00000,0.00000
718.00000,2.00000,27.00000,0.00000,0.00000,10.50000,1.00000,0.00000,0.00000,0.00000,1.00000
719.00000,3.00000,nan,0.00000,0.00000,15.50000,0.00000,1.00000,0.00000,1.00000,0.00000
720.00000,3.00000,33.00000,0.00000,0.00000,7.77500,0.00000,1.00000,0.00000,0.00000,1.00000
721.00000,2.00000,6.00000,0.00000,1.00000,33.00000,1.00000,0.00000,0.00000,0.00000,1.00000
722.00000,3.00000,17.00000,1.00000,0.00000,7.05420,0.00000,1.00000,0.00000,0.00000,1.00000
723.00000,2.00000,34.00000,0.00000,0.00000,13.00000,0.00000,1.00000,0.00000,0.00000,1.00000
724.00000,2.00000,50.00000,0.00000,0.00000,13.00000,0.00000,1.00000,0.00000,0.00000,1.00000
725.00000,1.00000,27.00000,1.00000,0.00000,53.10000,0.00000,1.00000,0.00000,0.00000,1.00000
726.00000,3.00000,20.00000,0.00000,0.00000,8.66250,0.00000,1.00000,0.00000,0.00000,1.00000
727.00000,2.00000,30.00000,3.00000,0.00000,21.00000,1.00000,0.00000,0.00000,0.00000,1.00000
728.00000,3.00000,nan,0.00000,0.00000,7.73750,1.00000,0.00000,0.00000,1.00000,0.00000
729.00000,2.00000,25.00000,1.00000,0.00000,26.00000,0.00000,1.00000,0.00000,0.00000,1.00000
730.00000,3.00000,25.00000,1.00000,0.00000,7.92500,1.00000,0.00000,0.00000,0.00000,1.00000
731.00000,1.00000,29.00000,0.00000,0.00000,211.33750,1.00000,0.00000,0.00000,0.00000,1.00000
732.00000,3.00000,11.00000,0.00000,0.00000,18.78750,0.00000,1.00000,1.00000,0.00000,0.00000
733.00000,2.00000,nan,0.00000,0.00000,0.00000,0.00000,1.00000,0.00000,0.00000,1.00000
734.00000,2.00000,23.00000,0.00000,0.00000,13.00000,0.00000,1.00000,0.00000,0.00000,1.00000
735.00000,2.00000,23.00000,0.00000,0.00000,13.00000,0.00000,1.00000,0.00000,0.00000,1.00000
736.00000,3.00000,28.50000,0.00000,0.00000,16.10000,0.00000,1.00000,0.00000,0.00000,1.00000
737.00000,3.00000,48.00000,1.00000,3.00000,34.37500,1.00000,0.00000,0.00000,0.00000,1.00000
738.00000,1.00000,35.00000,0.00000,0.00000,512.32920,0.00000,1.00000,1.00000,0.00000,0.00000
739.00000,3.00000,nan,0.00000,0.00000,7.89580,0.00000,1.00000,0.00000,0.00000,1.00000
740.00000,3.00000,nan,0.00000,0.00000,7.89580,0.00000,1.00000,0.00000,0.00000,1.00000
741.00000,1.00000,nan,0.00000,0.00000,30.00000,0.00000,1.00000,0.00000,0.00000,1.00000
742.00000,1.00000,36.00000,1.00000,0.00000,78.85000,0.00000,1.00000,0.00000,0.00000,1.00000
743.00000,1.00000,21.00000,2.00000,2.00000,262.37500,1.00000,0.00000,1.00000,0.00000,0.00000
744.00000,3.00000,24.00000,1.00000,0.00000,16.10000,0.00000,1.00000,0.00000,0.00000,1.00000
746.00000,1.00000,70.00000,1.00000,1.00000,71.00000,0.00000,1.00000,0.00000,0.00000,1.00000
747.00000,3.00000,16.00000,1.00000,1.00000,20.25000,0.00000,1.00000,0.00000,0.00000,1.00000
748.00000,2.00000,30.00000,0.00000,0.00000,13.00000,1.00000,0.00000,0.00000,0.00000,1.00000
749.00000,1.00000,19.00000,1.00000,0.00000,53.10000,0.00000,1.00000,0.00000,0.00000,1.00000
751.00000,2.00000,4.00000,1.00000,1.00000,23.00000,1.00000,0.00000,0.00000,0.00000,1.00000
752.00000,3.00000,6.00000,0.00000,1.00000,12.47500,0.00000,1.00000,0.00000,0.00000,1.00000
754.00000,3.00000,23.00000,0.00000,0.00000,7.89580,0.00000,1.00000,0.00000,0.00000,1.00000
755.00000,2.00000,48.00000,1.00000,2.00000,65.00000,1.00000,0.00000,0.00000,0.00000,1.00000
758.00000,2.00000,18.00000,0.00000,0.00000,11.50000,0.00000,1.00000,0.00000,0.00000,1.00000
761.00000,3.00000,nan,0.00000,0.00000,14.50000,0.00000,1.00000,0.00000,0.00000,1.00000
762.00000,3.00000,41.00000,0.00000,0.00000,7.12500,0.00000,1.00000,0.00000,0.00000,1.00000
763.00000,3.00000,20.00000,0.00000,0.00000,7.22920,0.00000,1.00000,1.00000,0.00000,0.00000
765.00000,3.00000,16.00000,0.00000,0.00000,7.77500,0.00000,1.00000,0.00000,0.00000,1.00000
766.00000,1.00000,51.00000,1.00000,0.00000,77.95830,1.00000,0.00000,0.00000,0.00000,1.00000
767.00000,1.00000,nan,0.00000,0.00000,39.60000,0.00000,1.00000,1.00000,0.00000,0.00000
768.00000,3.00000,30.50000,0.00000,0.00000,7.75000,1.00000,0.00000,0.00000,1.00000,0.00000
769.00000,3.00000,nan,1.00000,0.00000,24.15000,0.00000,1.00000,0.00000,1.00000,0.00000
771.00000,3.00000,24.00000,0.00000,0.00000,9.50000,0.00000,1.00000,0.00000,0.00000,1.00000
772.00000,3.00000,48.00000,0.00000,0.00000,7.85420,0.00000,1.00000,0.00000,0.00000,1.00000
773.00000,2.00000,57.00000,0.00000,0.00000,10.50000,1.00000,0.00000,0.00000,0.00000,1.00000
774.00000,3.00000,nan,0.00000,0.00000,7.22500,0.00000,1.00000,1.00000,0.00000,0.00000
776.00000,3.00000,18.00000,0.00000,0.00000,7.75000,0.00000,1.00000,0.00000,0.00000,1.00000
777.00000,3.00000,nan,0.00000,0.00000,7.75000,0.00000,1.00000,0.00000,1.00000,0.00000
778.00000,3.00000,5.00000,0.00000,0.00000,12.47500,1.00000,0.00000,0.00000,0.00000,1.00000
779.00000,3.00000,nan,0.00000,0.00000,7.73750,0.00000,1.00000,0.00000,1.00000,0.00000
780.00000,1.00000,43.00000,0.00000,1.00000,211.33750,1.00000,0.00000,0.00000,0.00000,1.00000
781.00000,3.00000,13.00000,0.00000,0.00000,7.22920,1.00000,0.00000,1.00000,0.00000,0.00000
783.00000,1.00000,29.00000,0.00000,0.00000,30.00000,0.00000,1.00000,0.00000,0.00000,1.00000
784.00000,3.00000,nan,1.00000,2.00000,23.45000,0.00000,1.00000,0.00000,0.00000,1.00000
785.00000,3.00000,25.00000,0.00000,0.00000,7.05000,0.00000,1.00000,0.00000,0.00000,1.00000
787.00000,3.00000,18.00000,0.00000,0.00000,7.49580,1.00000,0.00000,0.00000,0.00000,1.00000
788.00000,3.00000,8.00000,4.00000,1.00000,29.12500,0.00000,1.00000,0.00000,1.00000,0.00000
789.00000,3.00000,1.00000,1.00000,2.00000,20.57500,0.00000,1.00000,0.00000,0.00000,1.00000
790.00000,1.00000,46.00000,0.00000,0.00000,79.20000,0.00000,1.00000,1.00000,0.00000,0.00000
791.00000,3.00000,nan,0.00000,0.00000,7.75000,0.00000,1.00000,0.00000,1.00000,0.00000
793.00000,3.00000,nan,8.00000,2.00000,69.55000,1.00000,0.00000,0.00000,0.00000,1.00000
794.00000,1.00000,nan,0.00000,0.00000,30.69580,0.00000,1.00000,1.00000,0.00000,0.00000
795.00000,3.00000,25.00000,0.00000,0.00000,7.89580,0.00000,1.00000,0.00000,0.00000,1.00000
796.00000,2.00000,39.00000,0.00000,0.00000,13.00000,0.00000,1.00000,0.00000,0.00000,1.00000
799.00000,3.00000,30.00000,0.00000,0.00000,7.22920,0.00000,1.00000,1.00000,0.00000,0.00000
800.00000,3.00000,30.00000,1.00000,1.00000,24.15000,1.00000,0.00000,0.00000,0.00000,1.00000
801.00000,2.00000,34.00000,0.00000,0.00000,13.00000,0.00000,1.00000,0.00000,0.00000,1.00000
802.00000,2.00000,31.00000,1.00000,1.00000,26.25000,1.00000,0.00000,0.00000,0.00000,1.00000
803.00000,1.00000,11.00000,1.00000,2.00000,120.00000,0.00000,1.00000,0.00000,0.00000,1.00000
805.00000,3.00000,27.00000,0.00000,0.00000,6.97500,0.00000,1.00000,0.00000,0.00000,1.00000
806.00000,3.00000,31.00000,0.00000,0.00000,7.77500,0.00000,1.00000,0.00000,0.00000,1.00000
807.00000,1.00000,39.00000,0.00000,0.00000,0.00000,0.00000,1.00000,0.00000,0.00000,1.00000
808.00000,3.00000,18.00000,0.00000,0.00000,7.77500,1.00000,0.00000,0.00000,0.00000,1.00000
809.00000,2.00000,39.00000,0.00000,0.00000,13.00000,0.00000,1.00000,0.00000,0.00000,1.00000
810.00000,1.00000,33.00000,1.00000,0.00000,53.10000,1.00000,0.00000,0.00000,0.00000,1.00000
811.00000,3.00000,26.00000,0.00000,0.00000,7.88750,0.00000,1.00000,0.00000,0.00000,1.00000
812.00000,3.00000,39.00000,0.00000,0.00000,24.15000,0.00000,1.00000,0.00000,0.00000,1.00000
813.00000,2.00000,35.00000,0.00000,0.00000,10.50000,0.00000,1.00000,0.00000,0.00000,1.00000
814.00000,3.00000,6.00000,4.00000,2.00000,31.27500,1.00000,0.00000,0.00000,0.00000,1.00000
815.00000,3.00000,30.50000,0.00000,0.00000,8.05000,0.00000,1.00000,0.00000,0.00000,1.00000
818.00000,2.00000,31.00000,1.00000,1.00000,37.00420,0.00000,1.00000,1.00000,0.00000,0.00000
820.00000,3.00000,10.00000,3.00000,2.00000,27.90000,0.00000,1.00000,0.00000,0.00000,1.00000
821.00000,1.00000,52.00000,1.00000,1.00000,93.50000,1.00000,0.00000,0.00000,0.00000,1.00000
822.00000,3.00000,27.00000,0.00000,0.00000,8.66250,0.00000,1.00000,0.00000,0.00000,1.00000
823.00000,1.00000,38.00000,0.00000,0.00000,0.00000,0.00000,1.00000,0.00000,0.00000,1.00000
826.00000,3.00000,nan,0.00000,0.00000,6.95000,0.00000,1.00000,0.00000,1.00000,0.00000
827.00000,3.00000,nan,0.00000,0.00000,56.49580,0.00000,1.00000,0.00000,0.00000,1.00000
829.00000,3.00000,nan,0.00000,0.00000,7.75000,0.00000,1.00000,0.00000,1.00000,0.00000
830.00000,1.00000,62.00000,0.00000,0.00000,80.00000,1.00000,0.00000,0.00000,0.00000,0.00000
832.00000,2.00000,0.83000,1.00000,1.00000,18.75000,0.00000,1.00000,0.00000,0.00000,1.00000
833.00000,3.00000,nan,0.00000,0.00000,7.22920,0.00000,1.00000,1.00000,0.00000,0.00000
834.00000,3.00000,23.00000,0.00000,0.00000,7.85420,0.00000,1.00000,0.00000,0.00000,1.00000
835.00000,3.00000,18.00000,0.00000,0.00000,8.30000,0.00000,1.00000,0.00000,0.00000,1.00000
836.00000,1.00000,39.00000,1.00000,1.00000,83.15830,1.00000,0.00000,1.00000,0.00000,0.00000
837.00000,3.00000,21.00000,0.00000,0.00000,8.66250,0.00000,1.00000,0.00000,0.00000,1.00000
838.00000,3.00000,nan,0.00000,0.00000,8.05000,0.00000,1.00000,0.00000,0.00000,1.00000
839.00000,3.00000,32.00000,0.00000,0.00000,56.49580,0.00000,1.00000,0.00000,0.00000,1.00000
840.00000,1.00000,nan,0.00000,0.00000,29.70000,0.00000,1.00000,1.00000,0.00000,0.00000
841.00000,3.00000,20.00000,0.00000,0.00000,7.92500,0.00000,1.00000,0.00000,0.00000,1.00000
843.00000,1.00000,30.00000,0.00000,0.00000,31.00000,1.00000,0.00000,1.00000,0.00000,0.00000
845.00000,3.00000,17.00000,0.00000,0.00000,8.66250,0.00000,1.00000,0.00000,0.00000,1.00000
846.00000,3.00000,42.00000,0.00000,0.00000,7.55000,0.00000,1.00000,0.00000,0.00000,1.00000
847.00000,3.00000,nan,8.00000,2.00000,69.55000,0.00000,1.00000,0.00000,0.00000,1.00000
850.00000,1.00000,nan,1.00000,0.00000,89.10420,1.00000,0.00000,1.00000,0.00000,0.00000
851.00000,3.00000,4.00000,4.00000,2.00000,31.27500,0.00000,1.00000,0.00000,0.00000,1.00000
853.00000,3.00000,9.00000,1.00000,1.00000,15.24580,1.00000,0.00000,1.00000,0.00000,0.00000
854.00000,1.00000,16.00000,0.00000,1.00000,39.40000,1.00000,0.00000,0.00000,0.00000,1.00000
855.00000,2.00000,44.00000,1.00000,0.00000,26.00000,1.00000,0.00000,0.00000,0.00000,1.00000
856.00000,3.00000,18.00000,0.00000,1.00000,9.35000,1.00000,0.00000,0.00000,0.00000,1.00000
857.00000,1.00000,45.00000,1.00000,1.00000,164.86670,1.00000,0.00000,0.00000,0.00000,1.00000
858.00000,1.00000,51.00000,0.00000,0.00000,26.55000,0.00000,1.00000,0.00000,0.00000,1.00000
859.00000,3.00000,24.00000,0.00000,3.00000,19.25830,1.00000,0.00000,1.00000,0.00000,0.00000
860.00000,3.00000,nan,0.00000,0.00000,7.22920,0.00000,1.00000,1.00000,0.00000,0.00000
861.00000,3.00000,41.00000,2.00000,0.00000,14.10830,0.00000,1.00000,0.00000,0.00000,1.00000
862.00000,2.00000,21.00000,1.00000,0.00000,11.50000,0.00000,1.00000,0.00000,0.00000,1.00000
863.00000,1.00000,48.00000,0.00000,0.00000,25.92920,1.00000,0.00000,0.00000,0.00000,1.00000
864.00000,3.00000,nan,8.00000,2.00000,69.55000,1.00000,0.00000,0.00000,0.00000,1.00000
868.00000,1.00000,31.00000,0.00000,0.00000,50.49580,0.00000,1.00000,0.00000,0.00000,1.00000
869.00000,3.00000,nan,0.00000,0.00000,9.50000,0.00000,1.00000,0.00000,0.00000,1.00000
870.00000,3.00000,4.00000,1.00000,1.00000,11.13330,0.00000,1.00000,0.00000,0.00000,1.00000
871.00000,3.00000,26.00000,0.00000,0.00000,7.89580,0.00000,1.00000,0.00000,0.00000,1.00000
873.00000,1.00000,33.00000,0.00000,0.00000,5.00000,0.00000,1.00000,0.00000,0.00000,1.00000
875.00000,2.00000,28.00000,1.00000,0.00000,24.00000,1.00000,0.00000,1.00000,0.00000,0.00000
878.00000,3.00000,19.00000,0.00000,0.00000,7.89580,0.00000,1.00000,0.00000,0.00000,1.00000
879.00000,3.00000,nan,0.00000,0.00000,7.89580,0.00000,1.00000,0.00000,0.00000,1.00000
880.00000,1.00000,56.00000,0.00000,1.00000,83.15830,1.00000,0.00000,1.00000,0.00000,0.00000
881.00000,2.00000,25.00000,0.00000,1.00000,26.00000,1.00000,0.00000,0.00000,0.00000,1.00000
882.00000,3.00000,33.00000,0.00000,0.00000,7.89580,0.00000,1.00000,0.00000,0.00000,1.00000
883.00000,3.00000,22.00000,0.00000,0.00000,10.51670,1.00000,0.00000,0.00000,0.00000,1.00000
884.00000,2.00000,28.00000,0.00000,0.00000,10.50000,0.00000,1.00000,0.00000,0.00000,1.00000
885.00000,3.00000,25.00000,0.00000,0.00000,7.05000,0.00000,1.00000,0.00000,0.00000,1.00000
886.00000,3.00000,39.00000,0.00000,5.00000,29.12500,1.00000,0.00000,0.00000,1.00000,0.00000
887.00000,2.00000,27.00000,0.00000,0.00000,13.00000,0.00000,1.00000,0.00000,0.00000,1.00000
889.00000,3.00000,nan,1.00000,2.00000,23.45000,1.00000,0.00000,0.00000,0.00000,1.00000
890.00000,1.00000,26.00000,0.00000,0.00000,30.00000,0.00000,1.00000,1.00000,0.00000,0.00000
891.00000,3.00000,32.00000,0.00000,0.00000,7.75000,0.00000,1.00000,0.00000,1.00000,0.00000
